-24
-33
-39
-41
-47
-57
-65
-113
-162
-206
-244
-272
-288
-136
-325
-337
-361
-367
-376
-383
-442
-443
-474
-486
-491
-505
-509
-613
-624
-708
-712
-725
-726
-731
-755
-765
-771
-784
-837
-845
-851
-887
-965
-983
-1023
-1062
-1082
-1132
-1193
-1208
-1222
-1227
-1247
-1355
-1495
-1538
-1568
-1634
-1661
-1680
-1755
-1777
-1849
-1928
-1959
-1980
-2001
-2002
-2028
-2043
-2133
-2224
-2251
-2432
-2457
-2565
-2571
-2611
-2618
-2674
-2701
-2749
-2766
-2805
-2849
-2940
-2974
-2977
-3168
-3252
-3285
-3403
-3442
-3450
-3459
-3529
-3556
-3632
-3785
-3818
-4034
-4042
-4046
-4111
-4363
-4369
-4391
-4397
-4487
-4569
-4660
-4707
-4916
-4938
-4974
-4992
-5366
-5599
-5722
-6039
-6044
-6265
-6374
-6386
-6485
-6516
-6576
-6702
-6783
-6908
-6936
-7033
-7057
-7134
-7139
-7176
-7250
-7373
-7419
-7534
-7688
-8045
-8207
-8281
-8314
-8380
-8426
-8509
-8552
-8609
-8716
-8795
-8836
-8858
-8995
-9525
-9758
-9792
-9812
-9828
-9928
-10056
-10450
-10517
-10692
-10819
-10931
-11212
-11809
-11817
-11982
-11999
-12066
-12409
-12647
-12867
-13302
-13323
-13737
-13818
-13889
-14114
-15122
-15898
-15931
-15971
-16315
-16685
-16775
-17228
-17533
-18057
-19043
-19097
-20194
-20420
-20697
-20719
-21354
-23685
-24280
-24765
-25792
-26949
-26953
-27271
-28298
-29823
-29918
-29991
-30408
-31687
-32038
-32854
-33977
-34005
-34303
-34450
-34532
-35372
-36039
-38029
-38182
-38465
-39557
-39777
-39931
-40379
-40899
-41556
-41847
-42275
-42432
-42742
-43166
-43992
-44398
-45776
-46454
-47395
-47893
-47987
-48155
-48251
-48412
-48564
-48593
-48864
-48991
-49007
-49868
-49912
-51544
-51888
-52105
-52432
-56677
-60237
-60604
-61323
-61972
-63273
-64924
-65860
-66871
-68489
-69782
-69915
-71454
-71659
-72048
-72559
-73247
-73362
-73476
-74417
-74437
-77088
-77521
-78660
-79794
-81027
-87731
-87822
-89493
-89931
-91243
-95322
-95903
-95989
-98450
-98890
-98925
-99052
-99519
-99680
-100528
-100759
-100889
-102070
-103195
-103933
-105218
-106070
-107968
-108468
-110102
-111181
-111484
-111702
-112570
-112658
-113321
-113485
-114579
-114750
-118588
-118873
-119109
-119151
-119446
-121173
-121768
-122514
-126406
-126518
-132265
-134418
-135285
-136244
-136837
-137417
-137659
-138950
-139795
-141981
-142116
-144592
-145030
-147174
-154684
-155209
-156922
-158761
-159882
-160227
-161909
-163980
-166150
-170578
-171553
-174327
-175802
-175940
-179907
-181031
-183079
-183732
-185555
-185911
-185996
-188663
-190695
-194058
-195646
-196624
-197263
-197601
-198173
-201387
-203667
-205618
-207831
-208344
-210149
-213744
-215559
-217557
-220768
-223841
-225666
-225780
-230187
-230714
-231392
-232389
-236094
-237426
-246511
-248160
-251853
-254556
-255391
-257733
-258991
-259971
-265339
-268980
-270061
-291226
-293042
-294312
-296496
-297836
-298528
-319124
-319544
-333614
-333930
-334424
-337728
-339767
-345798
-348403
-349258
-349960
-352794
-352896
-354372
-355863
-356962
-364976
-365831
-366003
-371313
-375595
-375815
-382108
-382621
-383476
-384124
-387268
-387766
-388036
-388266
-388418
-392975
-396828
-397560
-397771
-404047
-417893
-419338
-420346
-426573
-428815
-433349
-435853
-437779
-439285
-441800
-446821
-453748
-453825
-455371
-463673
-470350
-472134
-485344
-500679
-504499
-504839
-506639
-509023
-509879
-518848
-523440
-524993
-533718
-549598
-557774
-578353
-592446
-592902
-594108
-598398
-601624
-602719
-603897
-614179
-636950
-637838
-651001
-651572
-658897
-660924
-674521
-675110
-679011
-682443
-692094
-695137
-702176
-712224
-724057
-725917
-727032
-742627
-747996
-753904
-755176
-755816
-792329
-815244
-830748
-835949
-847771
-848494
-851049
-859161
-860937
-862744
-868146
-871796
-888489
-892399
-898028
-898359
-899315
-904716
-908882
-913994
-917756
-944630
-956009
-961618
-962291
-962580
-963512
-969280
-975711
-984019
-987037
-987685
-998490
-998865
-1003715
-1005878
-1010315
-1023421
-1023624
-1027785
-1047872
-1049582
-1053917
-1056811
-1082684
-1087481
-1095659
-1100445
-1105337
-1106082
-1108386
-1112285
-1114926
-1120879
-1121691
-1122379
-1123954
-1124690
-1131944
-1135139
-1140570
-1145020
-1145102
-1156610
-1163441
-1171050
-1183076
-1188788
-1212665
-1218485
-1224089
-1231083
-1239834
-1239965
-1248141
-1250451
-1256340
-1257511
-1257785
-1268449
-1269569
-1273675
-1275784
-1314709
-1325176
-1331201
-1331551
-1340669
-1350385
-1392957
-1397318
-1407290
-1415705
-1428735
-1429820
-1443873
-1454045
-1463537
-1482821
-1488675
-1492508
-1509579
-1514067
-1528722
-1539261
-1543502
-1566053
-1582532
-1583008
-1622824
-1623507
-1632070
-1651545
-1654253
-1657033
-1658113
-1672730
-1679019
-1685159
-1695897
-1719467
-1739763
-1744988
-1747338
-1768200
-1786121
-1835300
-1874601
-1884027
-1908034
-1919231
-1967021
-1995524
-2021479
-2038242
-2042648
-2044704
-2062171
-2065859
-2070309
-2070464
-2089898
-2140264
-2158488
-2180320
-2187048
-2194310
-2197800
-2205729
-2211058
-2251146
-2254106
-2286932
-2355375
-2359881
-2386877
-2408591
-2408816
-2432934
-2474322
-2495630
-2502969
-2507847
-2541709
-2565119
-2579489
-2592225
-2604037
-2618331
-2635139
-2642769
-2651425
-2665456
-2671544
-2682332
-2688174
-2698666
-2703292
-2736916
-2756772
-2762456
-2785866
-2880122
-2919403
-2967907
-2975894
-2980565
-3073135
-3090834
-3108310
-3109123
-3113588
-3181080
-3251427
-3274692
-3291025
-3291269
-3311813
-3314280
-3346832
-3375719
-3382445
-3415712
-3437223
-3452603
-3460822
-3463299
-3467489
-3470145
-3478325
-3495231
-3519829
-3551694
-3569784
-3572004
-3581833
-3581843
-3584835
-3592353
-3678155
-3695188
-3695402
-3709560
-3730738
-3752402
-3756281
-3758252
-3769394
-3799552
-3800580
-3805377
-3824963
-3836974
-3840268
-3840605
-3867813
-3868547
-3890408
-3893462
-3912727
-3917270
-3933663
-3940674
-3940953
-3948346
-3948856
-3956881
-3965808
-3983097
-3983307
-4015333
-4051472
-4057030
-4088297
-4100014
-4121067
-4151307
-4161582
-4166090
-4180398
-4191458
-4204542
-4217401
-4227149
-4252164
-4290276
-4321458
-4323804
-4325149
-4335098
-4355790
-4414980
-4425879
-4442623
-4480356
-4482129
-4489985
-4493128
-4503260
-4509806
-4529580
-4537617
-4539002
-4553556
-4554481
-4579233
-4601266
-4610172
-4634390
-4645142
-4653142
-4675066
-4676305
-4705071
-4717720
-4787235
-4803047
-4806561
-4807046
-4823978
-4836575
-4861245
-4861809
-4865201
-4887563
-4894832
-4917302
-4920531
-4920884
-4940682
-4967861
-4974045
-4997903
-5024212
-5050604
-5058831
-5065034
-5069812
-5070815
-5071155
-5083945
-5087192
-5106512
-5111774
-5119865
-5158073
-5184003
-5216974
-5221259
-5240832
-5251193
-5264590
-5290370
-5307143
-5316256
-5319899
-5320433
-5387007
-5408278
-5432323
-5445504
-5458312
-5488243
-5500016
-5525046
-5525830
-5543624
-5557111
-5565476
-5575286
-5588464
-5608057
-5608669
-5638167
-5670814
-5696063
-5711483
-5719309
-5726389
-5755934
-5766469
-5768496
-5770441
-5784877
-5789730
-5826399
-5838365
-5847773
-5862377
-5889089
-5913571
-5919176
-5931978
-5984561
-6013556
-6057892
-6059277
-6073288